Sample	0	1	2	3	4	5	6	7	8	9	10	11	12	13	14	15	16	17	18	19	20	21	22	23
ERR6913105_1	(37, 157.0)	(42, 298.0)	(47, 519.0)	(52, 776.0)	(57, 1169.0)	(62, 1561.0)	(67, 2302.0)	(72, 3059.0)	(77, 3774.0)	(82, 4782.0)	(87, 5576.0)	(92, 6584.0)	(97, 7303.0)	(102, 7778.0)	(107, 8426.0)	(112, 8697.0)	(117, 9053.0)	(122, 9295.0)	(127, 9514.0)	(132, 9340.0)	(137, 9336.0)	(142, 9077.0)	(147, 18929.0)	(151, 86322.0)
ERR6913105_2	(37, 157.0)	(42, 298.0)	(47, 517.0)	(52, 777.0)	(57, 1169.0)	(62, 1561.0)	(67, 2299.0)	(72, 3059.0)	(77, 3774.0)	(82, 4784.0)	(87, 5577.0)	(92, 6585.0)	(97, 7303.0)	(102, 7771.0)	(107, 8421.0)	(112, 8688.0)	(117, 9050.0)	(122, 9286.0)	(127, 9516.0)	(132, 9350.0)	(137, 9377.0)	(142, 9082.0)	(147, 18941.0)	(151, 86285.0)
ERR6913106_1	(37, 378.0)	(42, 667.0)	(47, 1288.0)	(52, 1923.0)	(57, 2892.0)	(62, 3983.0)	(67, 5547.0)	(72, 7289.0)	(77, 9188.0)	(82, 11097.0)	(87, 13006.0)	(92, 14949.0)	(97, 16594.0)	(102, 17901.0)	(107, 19090.0)	(112, 20077.0)	(117, 20664.0)	(122, 21320.0)	(127, 21338.0)	(132, 21439.0)	(137, 21636.0)	(142, 21292.0)	(147, 57196.0)	(151, 305055.0)
ERR6913106_2	(37, 380.0)	(42, 665.0)	(47, 1287.0)	(52, 1922.0)	(57, 2892.0)	(62, 3979.0)	(67, 5544.0)	(72, 7289.0)	(77, 9186.0)	(82, 11100.0)	(87, 13002.0)	(92, 14948.0)	(97, 16593.0)	(102, 17902.0)	(107, 19086.0)	(112, 20069.0)	(117, 20666.0)	(122, 21306.0)	(127, 21357.0)	(132, 21500.0)	(137, 21766.0)	(142, 21350.0)	(147, 57347.0)	(151, 304673.0)
ERR6913144_1	(37, 711.0)	(42, 995.0)	(47, 1684.0)	(52, 2321.0)	(57, 3163.0)	(62, 4039.0)	(67, 5222.0)	(72, 6386.0)	(77, 7619.0)	(82, 9166.0)	(87, 10836.0)	(92, 12502.0)	(97, 14160.0)	(102, 15338.0)	(107, 16897.0)	(112, 18447.0)	(117, 19770.0)	(122, 21079.0)	(127, 21881.0)	(132, 23063.0)	(137, 23603.0)	(142, 24083.0)	(147, 115678.0)	(151, 738891.0)
ERR6913144_2	(37, 713.0)	(42, 995.0)	(47, 1689.0)	(52, 2323.0)	(57, 3163.0)	(62, 4041.0)	(67, 5226.0)	(72, 6392.0)	(77, 7627.0)	(82, 9171.0)	(87, 10840.0)	(92, 12508.0)	(97, 14162.0)	(102, 15332.0)	(107, 16899.0)	(112, 18446.0)	(117, 19773.0)	(122, 21083.0)	(127, 21875.0)	(132, 23060.0)	(137, 23599.0)	(142, 24126.0)	(147, 116406.0)	(151, 738085.0)
ERR6913201_1	(37, 1947.0)	(42, 1668.0)	(47, 2067.0)	(52, 1781.0)	(57, 615.0)	(62, 947.0)	(67, 1582.0)	(72, 1679.0)	(77, 1276.0)	(82, 1613.0)	(87, 1878.0)	(92, 2456.0)	(97, 2609.0)	(102, 2869.0)	(107, 2941.0)	(112, 3185.0)	(117, 3085.0)	(122, 3169.0)	(127, 2888.0)	(132, 2831.0)	(137, 2586.0)	(142, 2367.0)	(147, 4310.0)	(151, 19025.0)
ERR6913201_2	(37, 1947.0)	(42, 1667.0)	(47, 2068.0)	(52, 1779.0)	(57, 615.0)	(62, 948.0)	(67, 1583.0)	(72, 1677.0)	(77, 1277.0)	(82, 1614.0)	(87, 1878.0)	(92, 2456.0)	(97, 2610.0)	(102, 2867.0)	(107, 2941.0)	(112, 3183.0)	(117, 3082.0)	(122, 3168.0)	(127, 2887.0)	(132, 2826.0)	(137, 2577.0)	(142, 2343.0)	(147, 4328.0)	(151, 19053.0)
ERR6913202_1	(37, 335.0)	(42, 309.0)	(47, 504.0)	(52, 575.0)	(57, 741.0)	(62, 1276.0)	(67, 2062.0)	(72, 2888.0)	(77, 4633.0)	(82, 7959.0)	(87, 11875.0)	(92, 16140.0)	(97, 20949.0)	(102, 26513.0)	(107, 28598.0)	(112, 33394.0)	(117, 31329.0)	(122, 32215.0)	(127, 31919.0)	(132, 32674.0)	(137, 31643.0)	(142, 29805.0)	(147, 61196.0)	(151, 298746.0)
ERR6913202_2	(37, 330.0)	(42, 305.0)	(47, 502.0)	(52, 579.0)	(57, 742.0)	(62, 1283.0)	(67, 2068.0)	(72, 2890.0)	(77, 4637.0)	(82, 7961.0)	(87, 11870.0)	(92, 16144.0)	(97, 20948.0)	(102, 26516.0)	(107, 28607.0)	(112, 33395.0)	(117, 31332.0)	(122, 32217.0)	(127, 31934.0)	(132, 32661.0)	(137, 31677.0)	(142, 29806.0)	(147, 61185.0)	(151, 298689.0)
ERR6913240_1	(37, 433.0)	(42, 493.0)	(47, 700.0)	(52, 1099.0)	(57, 1343.0)	(62, 2345.0)	(67, 3514.0)	(72, 6131.0)	(77, 8670.0)	(82, 14646.0)	(87, 20152.0)	(92, 29100.0)	(97, 34429.0)	(102, 42786.0)	(107, 45409.0)	(112, 48232.0)	(117, 49139.0)	(122, 49087.0)	(127, 49172.0)	(132, 48248.0)	(137, 47326.0)	(142, 44864.0)	(147, 105477.0)	(151, 537599.0)
ERR6913240_2	(37, 429.0)	(42, 496.0)	(47, 701.0)	(52, 1106.0)	(57, 1350.0)	(62, 2348.0)	(67, 3520.0)	(72, 6128.0)	(77, 8674.0)	(82, 14659.0)	(87, 20149.0)	(92, 29091.0)	(97, 34431.0)	(102, 42775.0)	(107, 45402.0)	(112, 48218.0)	(117, 49111.0)	(122, 49053.0)	(127, 49165.0)	(132, 48222.0)	(137, 47343.0)	(142, 44965.0)	(147, 106153.0)	(151, 536905.0)
ERR6913306_1	(37, 736.0)	(42, 1193.0)	(47, 2182.0)	(52, 3436.0)	(57, 4708.0)	(62, 6134.0)	(67, 7491.0)	(72, 8686.0)	(77, 9190.0)	(82, 10082.0)	(87, 10551.0)	(92, 10717.0)	(97, 10658.0)	(102, 10618.0)	(107, 10460.0)	(112, 10532.0)	(117, 10346.0)	(122, 10212.0)	(127, 9906.0)	(132, 9628.0)	(137, 9124.0)	(142, 9027.0)	(147, 28266.0)	(151, 168538.0)
ERR6913306_2	(37, 737.0)	(42, 1193.0)	(47, 2181.0)	(52, 3437.0)	(57, 4706.0)	(62, 6133.0)	(67, 7488.0)	(72, 8689.0)	(77, 9198.0)	(82, 10080.0)	(87, 10549.0)	(92, 10721.0)	(97, 10660.0)	(102, 10622.0)	(107, 10466.0)	(112, 10535.0)	(117, 10347.0)	(122, 10211.0)	(127, 9908.0)	(132, 9621.0)	(137, 9160.0)	(142, 9064.0)	(147, 28512.0)	(151, 168203.0)
ERR6913312_1	(37, 1146.0)	(42, 1843.0)	(47, 3212.0)	(52, 4905.0)	(57, 7040.0)	(62, 9359.0)	(67, 11729.0)	(72, 13446.0)	(77, 14942.0)	(82, 16036.0)	(87, 16863.0)	(92, 17442.0)	(97, 17831.0)	(102, 18060.0)	(107, 18068.0)	(112, 17659.0)	(117, 17068.0)	(122, 16995.0)	(127, 16210.0)	(132, 15642.0)	(137, 14945.0)	(142, 14427.0)	(147, 35216.0)	(151, 180482.0)
ERR6913312_2	(37, 1147.0)	(42, 1843.0)	(47, 3212.0)	(52, 4908.0)	(57, 7036.0)	(62, 9363.0)	(67, 11735.0)	(72, 13445.0)	(77, 14950.0)	(82, 16041.0)	(87, 16867.0)	(92, 17446.0)	(97, 17834.0)	(102, 18064.0)	(107, 18066.0)	(112, 17659.0)	(117, 17073.0)	(122, 17002.0)	(127, 16225.0)	(132, 15674.0)	(137, 14996.0)	(142, 14517.0)	(147, 35291.0)	(151, 180172.0)
ERR6913316_1	(37, 1166.0)	(42, 1771.0)	(47, 3550.0)	(52, 5521.0)	(57, 8354.0)	(62, 11313.0)	(67, 14406.0)	(72, 17690.0)	(77, 19674.0)	(82, 21396.0)	(87, 21898.0)	(92, 21485.0)	(97, 21353.0)	(102, 20384.0)	(107, 19227.0)	(112, 18045.0)	(117, 16924.0)	(122, 15792.0)	(127, 14467.0)	(132, 13612.0)	(137, 12580.0)	(142, 12007.0)	(147, 22527.0)	(151, 97879.0)
ERR6913316_2	(37, 1166.0)	(42, 1770.0)	(47, 3549.0)	(52, 5523.0)	(57, 8346.0)	(62, 11310.0)	(67, 14406.0)	(72, 17683.0)	(77, 19670.0)	(82, 21395.0)	(87, 21891.0)	(92, 21494.0)	(97, 21354.0)	(102, 20381.0)	(107, 19222.0)	(112, 18042.0)	(117, 16907.0)	(122, 15782.0)	(127, 14463.0)	(132, 13592.0)	(137, 12560.0)	(142, 11987.0)	(147, 22421.0)	(151, 98107.0)
ERR6913335_1	(37, 3346.0)	(42, 1329.0)	(47, 2071.0)	(52, 2541.0)	(57, 3236.0)	(62, 4530.0)	(67, 5917.0)	(72, 7916.0)	(77, 9819.0)	(82, 12469.0)	(87, 16123.0)	(92, 20816.0)	(97, 24133.0)	(102, 26871.0)	(107, 26673.0)	(112, 27415.0)	(117, 27344.0)	(122, 27224.0)	(127, 26474.0)	(132, 26337.0)	(137, 25117.0)	(142, 24092.0)	(147, 64230.0)	(151, 380478.0)
ERR6913335_2	(37, 3345.0)	(42, 1331.0)	(47, 2072.0)	(52, 2544.0)	(57, 3241.0)	(62, 4534.0)	(67, 5919.0)	(72, 7920.0)	(77, 9823.0)	(82, 12470.0)	(87, 16131.0)	(92, 20818.0)	(97, 24136.0)	(102, 26883.0)	(107, 26675.0)	(112, 27428.0)	(117, 27353.0)	(122, 27220.0)	(127, 26480.0)	(132, 26337.0)	(137, 25106.0)	(142, 24132.0)	(147, 64507.0)	(151, 380096.0)
ERR6913341_1	(37, 7469.0)	(42, 6481.0)	(47, 9221.0)	(52, 10276.0)	(57, 9261.0)	(62, 11455.0)	(67, 14314.0)	(72, 16502.0)	(77, 17444.0)	(82, 19016.0)	(87, 21884.0)	(92, 23868.0)	(97, 26620.0)	(102, 28728.0)	(107, 30658.0)	(112, 32110.0)	(117, 33626.0)	(122, 34879.0)	(127, 35072.0)	(132, 35945.0)	(137, 35023.0)	(142, 33302.0)	(147, 92723.0)	(151, 552408.0)
ERR6913341_2	(37, 7469.0)	(42, 6478.0)	(47, 9219.0)	(52, 10275.0)	(57, 9272.0)	(62, 11462.0)	(67, 14316.0)	(72, 16508.0)	(77, 17447.0)	(82, 19015.0)	(87, 21895.0)	(92, 23861.0)	(97, 26628.0)	(102, 28739.0)	(107, 30665.0)	(112, 32126.0)	(117, 33622.0)	(122, 34887.0)	(127, 35090.0)	(132, 36007.0)	(137, 35157.0)	(142, 33592.0)	(147, 92153.0)	(151, 552402.0)
ERR6913345_1	(37, 24896.0)	(42, 21735.0)	(47, 60309.0)	(52, 73663.0)	(57, 11226.0)	(62, 12198.0)	(67, 18893.0)	(72, 22561.0)	(77, 16749.0)	(82, 19392.0)	(87, 24011.0)	(92, 31459.0)	(97, 36549.0)	(102, 42339.0)	(107, 44873.0)	(112, 47304.0)	(117, 46753.0)	(122, 46013.0)	(127, 45906.0)	(132, 46184.0)	(137, 42621.0)	(142, 39931.0)	(147, 92168.0)	(151, 507464.0)
ERR6913345_2	(37, 24889.0)	(42, 21727.0)	(47, 60311.0)	(52, 73671.0)	(57, 11227.0)	(62, 12201.0)	(67, 18899.0)	(72, 22561.0)	(77, 16752.0)	(82, 19389.0)	(87, 24010.0)	(92, 31469.0)	(97, 36550.0)	(102, 42339.0)	(107, 44884.0)	(112, 47316.0)	(117, 46759.0)	(122, 46020.0)	(127, 45955.0)	(132, 46308.0)	(137, 42845.0)	(142, 40209.0)	(147, 92774.0)	(151, 506132.0)
